101
 1.00012664345976E+0000  1.59144865125580E-0002  1.00000000000000E+0004
 1.00015225697748E+0000  1.74496639731818E-0002  9.12010839355915E+0003
 1.00018305033032E+0000  1.91328814668699E-0002  8.31763771102676E+0003
 1.00022007082788E+0000  2.09783989996974E-0002  7.58577575029188E+0003
 1.00026457744095E+0000  2.30018451583257E-0002  6.91830970918940E+0003
 1.00031808353640E+0000  2.52203468586968E-0002  6.30957344480197E+0003
 1.00038240822156E+0000  2.76526708849705E-0002  5.75439937337160E+0003
 1.00045973802447E+0000  3.03193781251897E-0002  5.24807460249775E+0003
 1.00055270097861E+0000  3.32429914244174E-0002  4.78630092322641E+0003
 1.00066445558923E+0000  3.64481779686316E-0002  4.36515832240168E+0003
 1.00079879764582E+0000  3.99619470741447E-0002  3.98107170553499E+0003
 1.00096028842391E+0000  4.38138641752645E-0002  3.63078054770103E+0003
 1.00115440850740E+0000  4.80362816607401E-0002  3.31131121482593E+0003
 1.00138774227548E+0000  5.26645869852789E-0002  3.01995172040203E+0003
 1.00166819905807E+0000  5.77374681471008E-0002  2.75422870333818E+0003
 1.00200527808958E+0000  6.32971961380544E-0002  2.51188643150959E+0003
 1.00241038570669E+0000  6.93899232894796E-0002  2.29086765276778E+0003
 1.00289721476162E+0000  7.60659954899144E-0002  2.08929613085405E+0003
 1.00348219797724E+0000  8.33802749559008E-0002  1.90546071796326E+0003
 1.00418504896543E+0000  9.13924684862922E-0002  1.73780082874938E+0003
 1.00502940686560E+0000  1.00167453785091E-0001  1.58489319246112E+0003
 1.00604360301331E+0000  1.09775593322151E-0001  1.44543977074593E+0003
 1.00726157066626E+0000  1.20293021094263E-0001  1.31825673855641E+0003
 1.00872392148902E+0000  1.31801882277470E-0001  1.20226443461742E+0003
 1.01047921504457E+0000  1.44390498791265E-0001  1.09647819614319E+0003
 1.01258544966425E+0000  1.58153424829345E-0001  1.00000000000000E+0003
 1.01511180430465E+0000  1.73191344991453E-0001  9.12010839355913E+0002
 1.01814066066307E+0000  1.89610753273224E-0001  8.31763771102674E+0002
 1.02176993190460E+0000  2.07523333324404E-0001  7.58577575029187E+0002
 1.02611571742607E+0000  2.27044938625514E-0001  6.91830970918939E+0002
 1.03131529016757E+0000  2.48294045310934E-0001  6.30957344480196E+0002
 1.03753040141998E+0000  2.71389520448400E-0001  5.75439937337159E+0002
 1.04495085440582E+0000  2.96447515590584E-0001  5.24807460249774E+0002
 1.05379824782196E+0000  3.23577261523754E-0001  4.78630092322640E+0002
 1.06432971897741E+0000  3.52875509508811E-0001  4.36515832240167E+0002
 1.07684141777269E+0000  3.84419344024282E-0001  3.98107170553499E+0002
 1.09167131281641E+0000  4.18257093232540E-0001  3.63078054770102E+0002
 1.10920076715596E+0000  4.54397102504473E-0001  3.31131121482592E+0002
 1.12985412652685E+0000  4.92794235840530E-0001  3.01995172040203E+0002
 1.15409535072002E+0000  5.33334158222133E-0001  2.75422870333817E+0002
 1.18242051754512E+0000  5.75815760351184E-0001  2.51188643150959E+0002
 1.21534489048956E+0000  6.19932544007131E-0001  2.29086765276778E+0002
 1.25338324509893E+0000  6.65254403443517E-0001  2.08929613085404E+0002
 1.29702240264443E+0000  7.11211992036263E-0001  1.90546071796325E+0002
 1.34668554538286E+0000  7.57086668346698E-0001  1.73780082874938E+0002
 1.40268899111730E+0000  8.02009699858753E-0001  1.58489319246112E+0002
 1.46519371693375E+0000  8.44974697605121E-0001  1.44543977074593E+0002
 1.53415592302484E+0000  8.84866823848177E-0001  1.31825673855641E+0002
 1.60928297527664E+0000  9.20510840018368E-0001  1.20226443461741E+0002
 1.69000257756979E+0000  9.50737397016981E-0001  1.09647819614318E+0002
 1.77545327347830E+0000  9.74463322864637E-0001  1.00000000000000E+0002
 1.86450272695271E+0000  9.90777719267419E-0001  9.12010839355912E+0001
 1.95579647777565E+0000  9.99022546603910E-0001  8.31763771102673E+0001
 2.04783452295986E+0000  9.98855274007802E-0001  7.58577575029185E+0001
 2.13906740279076E+0000  9.90282917898230E-0001  6.91830970918938E+0001
 2.22799913283290E+0000  9.73661335078806E-0001  6.30957344480195E+0001
 2.31328273849408E+0000  9.49659900049300E-0001  5.75439937337158E+0001
 2.39379585976883E+0000  9.19197922554727E-0001  5.24807460249774E+0001
 2.46868831472387E+0000  8.83363607831622E-0001  4.78630092322639E+0001
 2.53739920056933E+0000  8.43327990302378E-0001  4.36515832240167E+0001
 2.59964641256867E+0000  8.00265068520130E-0001  3.98107170553498E+0001
 2.65539513617399E+0000  7.55286181178682E-0001  3.63078054770102E+0001
 2.70481343501350E+0000  7.09392713399620E-0001  3.31131121482592E+0001
 2.74822274501762E+0000  6.63447604440851E-0001  3.01995172040202E+0001
 2.78604953810556E+0000  6.18163508825973E-0001  2.75422870333817E+0001
 2.81878236334621E+0000  5.74104033667418E-0001  2.51188643150958E+0001
 2.84693648297015E+0000  5.31694079160330E-0001  2.29086765276778E+0001
 2.87102672752173E+0000  4.91235625685662E-0001  2.08929613085404E+0001
 2.89154811121835E+0000  4.52926004313050E-0001  1.90546071796325E+0001
 2.90896313981309E+0000  4.16876493054161E-0001  1.73780082874938E+0001
 2.92369450187724E+0000  3.83129830738556E-0001  1.58489319246111E+0001
 2.93612183798800E+0000  3.51675851377321E-0001  1.44543977074592E+0001
 2.94658142447876E+0000  3.22464892401891E-0001  1.31825673855640E+0001
 2.95536781078095E+0000  2.95418933251765E-0001  1.20226443461741E+0001
 2.96273666141340E+0000  2.70440604885021E-0001  1.09647819614318E+0001
 2.96890824719700E+0000  2.47420307399458E-0001  1.00000000000000E+0001
 2.97407119276435E+0000  2.26241710183241E-0001  9.12010839355910E+0000
 2.97838621607030E+0000  2.06785909103187E-0001  8.31763771102671E+0000
 2.98198969283777E+0000  1.88934494363471E-0001  7.58577575029184E+0000
 2.98499694947832E+0000  1.72571751797340E-0001  6.91830970918937E+0000
 2.98750523737575E+0000  1.57586186436070E-0001  6.30957344480193E+0000
 2.98959637453706E+0000  1.43871524295514E-0001  5.75439937337157E+0000
 2.99133906177586E+0000  1.31327318549363E-0001  5.24807460249773E+0000
 2.99279089322583E+0000  1.19859260501091E-0001  4.78630092322638E+0000
 2.99400008771761E+0000  1.09379274167368E-0001  4.36515832240166E+0000
 2.99500697034512E+0000  9.98054555855066E-0002  3.98107170553497E+0000
 2.99584523380561E+0000  9.10619037064919E-0002  3.63078054770101E+0000
 2.99654300781411E+0000  8.30784784213689E-0002  3.31131121482591E+0000
 2.99712376274547E+0000  7.57905123898857E-0002  3.01995172040202E+0000
 2.99760707110062E+0000  6.91384964404136E-0002  2.75422870333817E+0000
 2.99800924771880E+0000  6.30677529943597E-0002  2.51188643150958E+0000
 2.99834388704535E+0000  5.75281079054532E-0002  2.29086765276777E+0000
 2.99862231331918E+0000  5.24735680228954E-0002  2.08929613085404E+0000
 2.99885395731790E+0000  4.78620094685404E-0002  1.90546071796325E+0000
 2.99904667131320E+0000  4.36548798878451E-0002  1.73780082874938E+0000
 2.99920699214331E+0000  3.98169166551000E-0002  1.58489319246111E+0000
 2.99934036079250E+0000  3.63158820782382E-0002  1.44543977074593E+0000
 2.99945130555946E+0000  3.31223159741544E-0002  1.31825673855641E+0000
 2.99954359477751E+0000  3.02093055077780E-0002  1.20226443461741E+0000
 2.99962036409603E+0000  2.75522718578615E-0002  1.09647819614319E+0000
 2.99968422252475E+0000  2.51287730519326E-0002  1.00000000000000E+0000
