101
 1.00025830485931E+0000  1.90945546872776E-0002  1.00000000000000E+0004
 1.00030378837886E+0000  2.07072366969696E-0002  9.22085542142269E+0003
 1.00035727809634E+0000  2.24559748566910E-0002  8.50241747027791E+0003
 1.00042018224180E+0000  2.43522071822262E-0002  7.83995622260101E+0003
 1.00049415633860E+0000  2.64083220946886E-0002  7.22911028388862E+0003
 1.00058114647483E+0000  2.86377343081337E-0002  6.66585807532561E+0003
 1.00068344008713E+0000  3.10549659177346E-0002  6.14649135722996E+0003
 1.00080372553842E+0000  3.36757327970513E-0002  5.66759081540409E+0003
 1.00094516198078E+0000  3.65170363323989E-0002  5.22600354966236E+0003
 1.00111146123566E+0000  3.95972604110166E-0002  4.81882231632778E+0003
 1.00130698369827E+0000  4.29362734288050E-0002  4.44336638803831E+0003
 1.00153685058530E+0000  4.65555348817077E-0002  4.09716390485099E+0003
 1.00180707519585E+0000  5.04782058384181E-0002  3.77793560045021E+0003
 1.00212471624746E+0000  5.47292622435870E-0002  3.48357979631967E+0003
 1.00249805678000E+0000  5.93356095485525E-0002  3.21215856508524E+0003
 1.00293681258733E+0000  6.43261965842537E-0002  2.96188497193352E+0003
 1.00345237463055E+0000  6.97321258460619E-0002  2.73111131010832E+0003
 1.00405809039353E+0000  7.55867564136500E-0002  2.51831825303209E+0003
 1.00476958963556E+0000  8.19257945341429E-0002  2.32210485163383E+0003
 1.00560516044057E+0000  8.87873653990804E-0002  2.14117931102995E+0003
 1.00658618180001E+0000  9.62120577827536E-0002  1.97435048583484E+0003
 1.00773761911712E+0000  1.04242930912069E-0001  1.82052003810985E+0003
 1.00908858886743E+0000  1.12925470133230E-0001  1.67867520632136E+0003
 1.01067299803584E+0000  1.22307474556850E-0001  1.54788213770160E+0003
 1.01253026265877E+0000  1.32438855840903E-0001  1.42727974011489E+0003
 1.01470610754337E+0000  1.43371322577699E-0001  1.31607401295250E+0003
 1.01725344564320E+0000  1.55157919406688E-0001  1.21353281973265E+0003
 1.02023333016888E+0000  1.67852384087920E-0001  1.11898106799060E+0003
 1.02371596472666E+0000  1.81508279591450E-0001  1.03179626472503E+0003
 1.02778174592754E+0000  1.96177852249571E-0001  9.51404418139339E+0002
 1.03252229824693E+0000  2.11910561953540E-0001  8.77276258696552E+0002
 1.03804144168869E+0000  2.28751227451678E-0001  8.08923754608741E+0002
 1.04445600840105E+0000  2.46737730776095E-0001  7.45896898820152E+0002
 1.05189639454889E+0000  2.65898232131062E-0001  6.87780746330808E+0002
 1.06050669891888E+0000  2.86247863428586E-0001  6.34192682355450E+0002
 1.07044426158422E+0000  3.07784899012677E-0001  5.84779903332378E+0002
 1.08187837800687E+0000  3.30486450431531E-0001  5.39217094198132E+0002
 1.09498793234566E+0000  3.54303802748921E-0001  4.97204286636058E+0002
 1.10995767792590E+0000  3.79157605934582E-0001  4.58464884198264E+0002
 1.12697290595334E+0000  4.04933256359128E-0001  4.22743841299143E+0002
 1.14621230199443E+0000  4.31476944736620E-0001  3.89805984091621E+0002
 1.16783891116905E+0000  4.58592993773709E-0001  3.59434462171419E+0002
 1.19198933230578E+0000  4.86043235724452E-0001  3.31429320915943E+0002
 1.21876154401114E+0000  5.13549249077026E-0001  3.05606185058618E+0002
 1.24820211921366E+0000  5.40798237081118E-0001  2.81795044831803E+0002
 1.28029397011837E+0000  5.67453139892946E-0001  2.59839136686735E+0002
 1.31494611211248E+0000  5.93167191934363E-0001  2.39593911221564E+0002
 1.35198714551490E+0000  6.17602566206992E-0001  2.20926081522720E+0002
 1.39116412197775E+0000  6.40452041307464E-0001  2.03712745654242E+0002
 1.43214810545584E+0000  6.61461901055484E-0001  1.87840577517879E+0002
 1.47454703696782E+0000  6.80453697389926E-0001  1.73205080756888E+0002
 1.51792554339746E+0000  6.97342251809049E-0001  1.59709900791509E+0002
 1.56183026716893E+0000  7.12147468520288E-0001  1.47266190456825E+0002
 1.60581837241524E+0000  7.24998207725383E-0001  1.35792025066606E+0002
 1.64948633404930E+0000  7.36127510585326E-0001  1.25211863052136E+0002
 1.69249608316295E+0000  7.45859655546162E-0001  1.15456048625071E+0002
 1.73459607075627E+0000  7.54590589340622E-0001  1.06460353190051E+0002
 1.77563568597630E+0000  7.62763985718536E-0001  9.81655524879052E+0001
 1.81557249724229E+0000  7.70845421300107E-0001  9.05170366855044E+0001
 1.85447273365901E+0000  7.79296936158391E-0001  8.34644508452639E+0001
 1.89250610698337E+0000  7.88553692384552E-0001  7.69613634072610E+0001
 1.92993640562997E+0000  7.99003737100925E-0001  7.09649605013915E+0001
 1.96710928365675E+0000  8.10971192393704E-0001  6.54357640770295E+0001
 2.00443839994612E+0000  8.24702662420695E-0001  6.03373719944606E+0001
 2.04239064680455E+0000  8.40356335089415E-0001  5.56362183669513E+0001
 2.08147075210473E+0000  8.57993174830210E-0001  5.13013525756353E+0001
 2.12220513423736E+0000  8.77569729026670E-0001  4.73042355023358E+0001
 2.16512459966531E+0000  8.98932358312463E-0001  4.36185516387963E+0001
 2.21074534373299E+0000  9.21813095956250E-0001  4.02200358353196E+0001
 2.25954777728128E+0000  9.45827784013909E-0001  3.70863135481917E+0001
 2.31195297338499E+0000  9.70477555420395E-0001  3.41967535341421E+0001
 2.36829701269213E+0000  9.95155050269415E-0001  3.15323320220346E+0001
 2.42880417693769E+0000  1.01915687602918E+0000  2.90755074675474E+0001
 2.49356072887412E+0000  1.04170364551197E+0000  2.68101050662747E+0001
 2.56249179676639E+0000  1.06196837121945E+0000  2.47212102649268E+0001
 2.63534446962443E+0000  1.07911303223121E+0000  2.27950705695478E+0001
 2.71168039001873E+0000  1.09233182646634E+0000  2.10190050042925E+0001
 2.79088071085749E+0000  1.10089816560128E+0000  1.93813206246739E+0001
 2.87216516468420E+0000  1.10421116628717E+0000  1.78712355356353E+0001
 2.95462525301758E+0000  1.10183660102272E+0000  1.64788079076283E+0001
 3.03726947599760E+0000  1.09353730789711E+0000  1.51948705233635E+0001
 3.11907652910501E+0000  1.07928906242616E+0000  1.40109704243170E+0001
 3.19905097999590E+0000  1.05927977281562E+0000  1.29193132596455E+0001
 3.27627547821587E+0000  1.03389220288985E+0000  1.19127119711259E+0001
 3.34995417095647E+0000  1.00367273137036E+0000  1.09845394762802E+0001
 3.41944353244210E+0000  9.69290411359075E-0001  1.01286850381688E+0001
 3.48426886486051E+0000  9.31491462319615E-0001  9.33951403460812E+0000
 3.54412680724344E+0000  8.91054232418582E-0001  8.61183086194685E+0000
 3.59887587401091E+0000  8.48748783427194E-0001  7.94084472917569E+0000
 3.64851808911013E+0000  8.05303898837065E-0001  7.32213811716946E+0000
 3.69317513853192E+0000  7.61382854570648E-0001  6.75163769541069E+0000
 3.73306224788166E+0000  7.17568007146114E-0001  6.22558750472087E+0000
 3.76846240185171E+0000  6.74353312844947E-0001  5.74052422944461E+0000
 3.79970276836167E+0000  6.32143339459763E-0001  5.29325439628820E+0000
 3.82713444085438E+0000  5.91257127143241E-0001  4.88083334969829E+0000
 3.85111597529350E+0000  5.51935307760147E-0001  4.50054586536256E+0000
 3.87200072199484E+0000  5.14349103692464E-0001  4.14988827419894E+0000
 3.89012764018800E+0000  4.78610111038699E-0001  3.82655197914453E+0000
 3.90581511225645E+0000  4.44780065744133E-0001  3.52840825622501E+0000
 3.91935721089683E+0000  4.12880055837633E-0001  3.25349423984046E+0000
 3.93102188129495E+0000  3.82898860086371E-0001  3.00000000000000E+0000
