101
 1.30000494721770E+0001  9.94695363621934E-0003  1.00000000000000E+0005
 1.30000715083717E+0001  1.19587452555654E-0002  8.31763771102679E+0004
 1.30001033596224E+0001  1.43773597783059E-0002  6.91830970918943E+0004
 1.30001493971382E+0001  1.72850158831174E-0002  5.75439937337162E+0004
 1.30002159383586E+0001  2.07805126489177E-0002  4.78630092322643E+0004
 1.30003121129252E+0001  2.49825466653812E-0002  3.98107170553501E+0004
 1.30004511133471E+0001  3.00336731619076E-0002  3.31131121482594E+0004
 1.30006520005863E+0001  3.61050215978232E-0002  2.75422870333819E+0004
 1.30009423093763E+0001  4.34018839309782E-0002  2.29086765276779E+0004
 1.30013618045645E+0001  5.21702924713979E-0002  1.90546071796326E+0004
 1.30019678908868E+0001  6.27046842634501E-0002  1.58489319246112E+0004
 1.30028433912058E+0001  7.53566933173263E-0002  1.31825673855641E+0004
 1.30041077035453E+0001  9.05449910160371E-0002  1.09647819614319E+0004
 1.30059327491722E+0001  1.08765857575266E-0001  9.12010839355918E+0003
 1.30085656536071E+0001  1.30603727258034E-0001  7.58577575029190E+0003
 1.30123607629345E+0001  1.56740164728420E-0001  6.30957344480199E+0003
 1.30178243394674E+0001  1.87958371946779E-0001  5.24807460249777E+0003
 1.30256759269165E+0001  2.25138049146120E-0001  4.36515832240170E+0003
 1.30369304749406E+0001  2.69231761190049E-0001  3.63078054770104E+0003
 1.30530038747602E+0001  3.21208344066397E-0001  3.01995172040204E+0003
 1.30758396242988E+0001  3.81941006675348E-0001  2.51188643150960E+0003
 1.31080424766855E+0001  4.52008411067296E-0001  2.08929613085406E+0003
 1.31529810739144E+0001  5.31369971914061E-0001  1.73780082874939E+0003
 1.32147807531110E+0001  6.18882305634623E-0001  1.44543977074594E+0003
 1.32980717966539E+0001  7.11663219895172E-0001  1.20226443461742E+0003
 1.34073118856887E+0001  8.04412830029050E-0001  1.00000000000000E+0003
 1.35455331118094E+0001  8.88983617517940E-0001  8.31763771102677E+0002
 1.37125825433287E+0001  9.54690012603405E-0001  6.91830970918941E+0002
 1.39033812534554E+0001  9.89852162969165E-0001  5.75439937337161E+0002
 1.41072002089857E+0001  9.84594660866782E-0001  4.78630092322641E+0002
 1.43088862367955E+0001  9.33999581774590E-0001  3.98107170553500E+0002
 1.44919928043810E+0001  8.40054998989317E-0001  3.31131121482593E+0002
 1.46424788240253E+0001  7.11322085067857E-0001  2.75422870333818E+0002
 1.47512967395308E+0001  5.60668080285097E-0001  2.29086765276779E+0002
 1.48151620892790E+0001  4.02434770035658E-0001  1.90546071796326E+0002
 1.48360049359919E+0001  2.50172686153167E-0001  1.58489319246112E+0002
 1.48199390214721E+0001  1.15146871309121E-0001  1.31825673855641E+0002
 1.47760937831097E+0001  5.27912603322900E-0003  1.09647819614319E+0002
 1.47151589825898E+0001 -7.56067009658351E-0002  9.12010839355914E+0001
 1.46475829637788E+0001 -1.27925229177714E-0001  7.58577575029187E+0001
 1.45818524916976E+0001 -1.55539007081513E-0001  6.30957344480196E+0001
 1.45234919159900E+0001 -1.64230403447195E-0001  5.24807460249775E+0001
 1.44750531066123E+0001 -1.60078089250530E-0001  4.36515832240168E+0001
 1.44368246830566E+0001 -1.48317516501298E-0001  3.63078054770103E+0001
 1.44077608910281E+0001 -1.32860133154218E-0001  3.01995172040203E+0001
 1.43862606900124E+0001 -1.16310791209906E-0001  2.51188643150959E+0001
 1.43706667498818E+0001 -1.00227580440693E-0001  2.08929613085405E+0001
 1.43595149799242E+0001 -8.54318756209623E-0002  1.73780082874938E+0001
 1.43516191929732E+0001 -7.22733736681537E-0002  1.44543977074593E+0001
 1.43460678580128E+0001 -6.08234168906910E-0002  1.20226443461741E+0001
 1.43421839847842E+0001 -5.10029126445335E-0002  1.00000000000000E+0001
 1.43394760140874E+0001 -4.26612582542573E-0002  8.31763771102674E+0000
 1.43375924210358E+0001 -3.56222300718503E-0002  6.91830970918939E+0000
 1.43362844119455E+0001 -2.97090438843749E-0002  5.75439937337159E+0000
 1.43353771444637E+0001 -2.47569140497778E-0002  4.78630092322640E+0000
 1.43347483423747E+0001 -2.06184222016255E-0002  3.98107170553499E+0000
 1.43343127774005E+0001 -1.71649334237711E-0002  3.31131121482592E+0000
 1.43340111811298E+0001 -1.42859675428763E-0002  2.75422870333818E+0000
 1.43338024034342E+0001 -1.18876155835943E-0002  2.29086765276778E+0000
 1.43336579051413E+0001 -9.89060386449418E-0003  1.90546071796325E+0000
 1.43335579082949E+0001 -8.22832432857395E-0003  1.58489319246112E+0000
 1.43334887137571E+0001 -6.84498804226473E-0003  1.31825673855641E+0000
 1.43334408363111E+0001 -5.69396899339786E-0003  1.09647819614319E+0000
 1.43334077100893E+0001 -4.73635705216480E-0003  9.12010839355913E-0001
 1.43333847908487E+0001 -3.93971431427044E-0003  7.58577575029186E-0001
 1.43333689338929E+0001 -3.27701758444830E-0003  6.30957344480195E-0001
 1.43333579632173E+0001 -2.72576547323155E-0003  5.24807460249774E-0001
 1.43333503732003E+0001 -2.26722805397300E-0003  4.36515832240167E-0001
 1.43333451221131E+0001 -1.88581834560233E-0003  3.63078054770103E-0001
 1.43333414892107E+0001 -1.56856699669552E-0003  3.01995172040203E-0001
 1.43333389758384E+0001 -1.30468388587054E-0003  2.51188643150959E-0001
 1.43333372370010E+0001 -1.08519263611346E-0003  2.08929613085405E-0001
 1.43333360340153E+0001 -9.02626133171306E-0004  1.73780082874938E-0001
 1.43333352017505E+0001 -7.50772990325281E-0004  1.44543977074593E-0001
 1.43333346259631E+0001 -6.24466506730683E-0004  1.20226443461741E-0001
 1.43333342276150E+0001 -5.19409038395585E-0004  1.00000000000000E-0001
 1.43333339520253E+0001 -4.32025863258704E-0004  8.31763771102674E-0002
 1.43333337613637E+0001 -3.59343600919144E-0004  6.91830970918939E-0002
 1.43333336294580E+0001 -2.98889069000287E-0004  5.75439937337159E-0002
 1.43333335382016E+0001 -2.48605145425864E-0004  4.78630092322640E-0002
 1.43333334750675E+0001 -2.06780779890668E-0004  3.98107170553499E-0002
 1.43333334313894E+0001 -1.71992776589165E-0004  3.31131121482592E-0002
 1.43333334011716E+0001 -1.43057369271519E-0004  2.75422870333817E-0002
 1.43333333802659E+0001 -1.18989942020828E-0004  2.29086765276778E-0002
 1.43333333658027E+0001 -9.89715258168895E-0005  1.90546071796325E-0002
 1.43333333557967E+0001 -8.23209312245805E-0005  1.58489319246112E-0002
 1.43333333488741E+0001 -6.84715691623995E-0005  1.31825673855641E-0002
 1.43333333440849E+0001 -5.69521711359162E-0005  1.09647819614318E-0002
 1.43333333407716E+0001 -4.73707529564858E-0005  9.12010839355911E-0003
 1.43333333384793E+0001 -3.94012763031955E-0005  7.58577575029185E-0003
 1.43333333368935E+0001 -3.27725542701634E-0005  6.30957344480194E-0003
 1.43333333357963E+0001 -2.72590233893911E-0005  5.24807460249773E-0003
 1.43333333350373E+0001 -2.26730681260223E-0005  4.36515832240166E-0003
 1.43333333345122E+0001 -1.88586366671581E-0005  3.63078054770102E-0003
 1.43333333341489E+0001 -1.56859307637487E-0005  3.01995172040202E-0003
 1.43333333338975E+0001 -1.30469889319966E-0005  2.51188643150958E-0003
 1.43333333337237E+0001 -1.08520127194594E-0005  2.08929613085404E-0003
 1.43333333336034E+0001 -9.02631102580555E-0006  1.73780082874938E-0003
 1.43333333335201E+0001 -7.50775849924355E-0006  1.44543977074592E-0003
 1.43333333334626E+0001 -6.24468152259201E-0006  1.20226443461741E-0003
 1.43333333334227E+0001 -5.19409985298813E-0006  1.00000000000000E-0003
