101
 5.00263370828671E-0001  1.90945304989332E-0002  1.00000000000000E+0004
 5.00309746629620E-0001  2.07072058443859E-0002  9.22085542142269E+0003
 5.00364285784319E-0001  2.24559355037892E-0002  8.50241747027791E+0003
 5.00428424200907E-0001  2.43521569870730E-0002  7.83995622260101E+0003
 5.00503849954868E-0001  2.64082580701334E-0002  7.22911028388862E+0003
 5.00592547418582E-0001  2.86376526440528E-0002  6.66585807532561E+0003
 5.00696849054235E-0001  3.10548617543075E-0002  6.14649135722996E+0003
 5.00819496178132E-0001  3.36755999355798E-0002  5.66759081540409E+0003
 5.00963710218906E-0001  3.65168668664668E-0002  5.22600354966236E+0003
 5.01133276238377E-0001  3.95970442560495E-0002  4.81882231632778E+0003
 5.01332640765102E-0001  4.29359977220478E-0002  4.44336638803831E+0003
 5.01567026310124E-0001  4.65551832169352E-0002  4.09716390485099E+0003
 5.01842565294458E-0001  5.04777572898681E-0002  3.77793560045021E+0003
 5.02166456519785E-0001  5.47286901210813E-0002  3.48357979631967E+0003
 5.02547147757147E-0001  5.93348798097972E-0002  3.21215856508524E+0003
 5.02994548509493E-0001  6.43252658099498E-0002  2.96188497193352E+0003
 5.03520277514783E-0001  6.97309386574960E-0002  2.73111131010832E+0003
 5.04137950082370E-0001  7.55852421793465E-0002  2.51831825303209E+0003
 5.04863510872455E-0001  8.19238631699799E-0002  2.32210485163383E+0003
 5.05715618199256E-0001  8.87849020125239E-0002  2.14117931102995E+0003
 5.06716086307379E-0001  9.62089158433716E-0002  1.97435048583484E+0003
 5.07890392256911E-0001  1.04238923543235E-0001  1.82052003810985E+0003
 5.09268253941744E-0001  1.12920359008784E-0001  1.67867520632136E+0003
 5.10884285199243E-0001  1.22300955744962E-0001  1.54788213770160E+0003
 5.12778732732771E-0001  1.32430541757226E-0001  1.42727974011489E+0003
 5.14998297375952E-0001  1.43360718980610E-0001  1.31607401295250E+0003
 5.17597038707639E-0001  1.55144396075783E-0001  1.21353281973265E+0003
 5.20637356708565E-0001  1.67835137456098E-0001  1.11898106799060E+0003
 5.24191036457976E-0001  1.81486285129717E-0001  1.03179626472503E+0003
 5.28340331122811E-0001  1.96149803805315E-0001  9.51404418139339E+0002
 5.33179043944042E-0001  2.11874794483765E-0001  8.77276258696552E+0002
 5.38813550823244E-0001  2.28705618630194E-0001  8.08923754608741E+0002
 5.45363680838767E-0001  2.46679575734885E-0001  7.45896898820152E+0002
 5.52963342313598E-0001  2.65824084054753E-0001  6.87780746330808E+0002
 5.61760747362419E-0001  2.86153330774930E-0001  6.34192682355450E+0002
 5.71918049815250E-0001  3.07664387679331E-0001  5.84779903332378E+0002
 5.83610173557651E-0001  3.30332836105290E-0001  5.39217094198132E+0002
 5.97022576757158E-0001  3.54108014805475E-0001  4.97204286636058E+0002
 6.12347681587465E-0001  3.78908099420839E-0001  4.58464884198264E+0002
 6.29779712012094E-0001  4.04615342566951E-0001  4.22743841299143E+0002
 6.49507740254553E-0001  4.31071943409284E-0001  3.89805984091621E+0002
 6.71706863345256E-0001  4.58077160779575E-0001  3.59434462171419E+0002
 6.96527629370174E-0001  4.85386408758059E-0001  3.31429320915943E+0002
 7.24084114107230E-0001  5.12713140257012E-0001  3.05606185058618E+0002
 7.54441399919839E-0001  5.39734284861828E-0001  2.81795044831803E+0002
 7.87603590665517E-0001  5.66099813194487E-0001  2.59839136686735E+0002
 8.23503838088263E-0001  5.91446616645505E-0001  2.39593911221564E+0002
 8.61998058787936E-0001  6.15416318278959E-0001  2.20926081522720E+0002
 9.02863979717291E-0001  6.37675921985435E-0001  2.03712745654242E+0002
 9.45806781323698E-0001  6.57939479480603E-0001  1.87840577517879E+0002
 9.90471891380334E-0001  6.75988375917266E-0001  1.73205080756888E+0002
 1.03646449429871E+0000  6.91687583421022E-0001  1.59709900791509E+0002
 1.08337423392866E+0000  7.04995439155516E-0001  1.47266190456825E+0002
 1.13080263951569E+0000  7.15965197328958E-0001  1.35792025066606E+0002
 1.17839022568375E+0000  7.24737676705601E-0001  1.25211863052136E+0002
 1.22584015503883E+0000  7.31525557772044E-0001  1.15456048625071E+0002
 1.27293581653935E+0000  7.36591011334287E-0001  1.06460353190051E+0002
 1.31955053609692E+0000  7.40219137107904E-0001  9.81655524879052E+0001
 1.36564868186682E+0000  7.42690038795189E-0001  9.05170366855044E+0001
 1.41127842940799E+0000  7.44252273779956E-0001  8.34644508452639E+0001
 1.45655724648819E+0000  7.45100006676117E-0001  7.69613634072610E+0001
 1.50165167673179E+0000  7.45355626489649E-0001  7.09649605013915E+0001
 1.54675327109906E+0000  7.45058998996101E-0001  6.54357640770295E+0001
 1.59205261795614E+0000  7.44164000963825E-0001  6.03373719944606E+0001
 1.63771344555249E+0000  7.42542531495109E-0001  5.56362183669513E+0001
 1.68384877019589E+0000  7.39995773877304E-0001  5.13013525756353E+0001
 1.73050103706742E+0000  7.36272025594358E-0001  4.73042355023358E+0001
 1.77762808975013E+0000  7.31089883362681E-0001  4.36185516387963E+0001
 1.82509651882504E+0000  7.24164979613409E-0001  4.02200358353196E+0001
 1.87268340019691E+0000  7.15237903783968E-0001  3.70863135481917E+0001
 1.92008662042887E+0000  7.04100551097162E-0001  3.41967535341421E+0001
 1.96694297381216E+0000  6.90618082144813E-0001  3.15323320220346E+0001
 2.01285217526478E+0000  6.74744058535461E-0001  2.90755074675474E+0001
 2.05740409236486E+0000  6.56527146484963E-0001  2.68101050662747E+0001
 2.10020607103647E+0000  6.36108924186685E-0001  2.47212102649268E+0001
 2.14090733170138E+0000  6.13713558572196E-0001  2.27950705695478E+0001
 2.17921802502326E+0000  5.89631167780304E-0001  2.10190050042925E+0001
 2.21492150325259E+0000  5.64197344849391E-0001  1.93813206246739E+0001
 2.24787945036589E+0000  5.37771489368872E-0001  1.78712355356353E+0001
 2.27803048730095E+0000  5.10716312962309E-0001  1.64788079076283E+0001
 2.30538356049801E+0000  4.83380288501974E-0001  1.51948705233635E+0001
 2.33000776511046E+0000  4.56084081614213E-0001  1.40109704243170E+0001
 2.35202027411488E+0000  4.29111301034611E-0001  1.29193132596455E+0001
 2.37157382712766E+0000  4.02703344147628E-0001  1.19127119711259E+0001
 2.38884488501268E+0000  3.77057745064822E-0001  1.09845394762802E+0001
 2.40402317470477E+0000  3.52329251407279E-0001  1.01286850381688E+0001
 2.41730300165926E+0000  3.28632826157306E-0001  9.33951403460812E+0000
 2.42887643219038E+0000  3.06047843359378E-0001  8.61183086194685E+0000
 2.43892825574878E+0000  2.84622873954478E-0001  7.94084472917569E+0000
 2.44763252158948E+0000  2.64380603539625E-0001  7.32213811716946E+0000
 2.45515039012294E+0000  2.45322562644742E-0001  6.75163769541069E+0000
 2.46162902892516E+0000  2.27433468675380E-0001  6.22558750472087E+0000
 2.46720130079280E+0000  2.10685071850462E-0001  5.74052422944461E+0000
 2.47198602353697E+0000  1.95039465559454E-0001  5.29325439628820E+0000
 2.47608861925080E+0000  1.80451867788586E-0001  4.88083334969829E+0000
 2.47960200866410E+0000  1.66872908985776E-0001  4.50054586536256E+0000
 2.48260764056510E+0000  1.54250477362405E-0001  4.14988827419894E+0000
 2.48517657558256E+0000  1.42531179054891E-0001  3.82655197914453E+0000
 2.48737056750101E+0000  1.31661470927963E-0001  3.52840825622501E+0000
 2.48924310402603E+0000  1.21588520468050E-0001  3.25349423984046E+0000
 2.49084038315955E+0000  1.12260841887959E-0001  3.00000000000000E+0000
